245,6
245,5
245,4
244,4
243,4
241,4
239,4
239,3
238,4
236,7
236,6
236,5
236,4
235,4
234,6
234,5
234,4
232,4
229,4
227,4
226,4
225,5
225,4
224,4
222,4
218,4
217,4
216,10
216,9
216,8
216,7
216,6
216,5
216,4
214,4
211,4
209,4
207,4
205,4
203,4
201,4
200,4
198,4
195,4
193,4
193,3
192,4
188,4
186,11
186,10
186,9
186,8
186,7
186,6
186,5
186,4
185,4
181,4
179,4
178,4
177,11
177,10
177,9
177,8
177,7
177,6
177,5
177,4
174,4
173,4
170,6
170,5
170,4
169,6
169,5
169,4
168,5
168,4
167,5
167,4
167,3
164,4
163,5
163,4
163,3
162,4
160,4
159,5
159,4
158,4
158,3
156,4
154,4
152,4
152,3
151,9
151,8
151,7
151,6
151,5
151,4
149,4
147,4
145,4
145,3
143,4
141,4
138,4
137,4
134,4
131,4
114,4
113,4
112,4
111,4
110,4
109,4
108,6
108,5
108,4
107,4
106,4
105,4
104,4
103,4
102,4
101,4
100,4
100,3
98,4
96,7
96,6
96,5
96,4
92,4
91,4
90,4
86,4
85,4
83,4
82,4
81,4
80,4
79,4
78,4
77,5
77,4
74,4
73,4
68,5
68,4
67,4
66,4
65,4
62,3
56,3
51,3
15,7
15,3
7,3
5,86
5,83
5,81
5,78
5,74
5,72
5,71
5,70
5,69
5,68
5,67
5,66
5,65
5,64
5,30
5,26
5,25
5,24
5,19
5,18
5,15
5,14
5,6
5,5
5,3
4,6
4,5
4,4
4,3
2,2
2,0
0,237
0,236
0,235
0,233
0,232
0,229
0,227
0,226
0,223
0,222
0,220
0,219
0,218
0,216
0,214
0,213
0,210
0,209
0,207
0,204
0,203
0,202
0,196
0,194
0,193
0,62
0,61
0,57
0,56
0,55
0,54
0,53
0,51
0,9
246,4
247,3
247,5
249,4
260,4
260,5
264,4
264,6
265,3
270,4
270,5
271,4
271,6
271,7
281,4
282,4
287,4
287,5
289,4
291,4
292,4
298,4
299,4
301,4
303,4
303,5
310,4
312,4
317,4
319,4
323,4
328,4
330,3
330,5
330,6
330,8
330,10
330,11
330,13
330,14
330,16
330,17
335,4
336,5
343,4
344,5
345,4
348,4
350,4
351,4
351,6
351,7
351,9
354,4
355,4
356,5
356,6
356,8
356,9
357,4
359,4
359,5
359,7
359,8
367,3
368,4
372,4
379,7
379,8
379,10
379,11
379,13
379,15
381,3
388,3
391,3
396,3
401,3
404,3
406,3
407,3
408,4
408,6
410,1
410,3
410,4
410,6
410,7
410,9
410,11
410,12
410,14
410,15
410,17
412,1
412,2
412,4
412,5
412,7
415,0
415,2
415,4
415,5
418,1
418,2
418,4
421,0
421,1
421,3
421,4
424,0
424,1
424,3
424,5
427,0
427,2
427,3
427,5
428,1
428,2
428,4
431,0
431,2
431,3
431,5
434,1
434,2
434,4
434,5
437,1
437,3
437,4
440,0
440,1
440,3
440,4
443,0
443,2
443,3
443,5
446,0
446,2
446,4
446,5
449,1
449,2
449,4
452,0
452,1
452,3
452,4
457,0
457,1
457,3
457,5
457,6
457,8
457,9
457,11
458,1
458,2
458,4
458,5
459,0
459,1
459,3
459,5
459,6
460,1
460,2
460,4
460,6
463,0
463,2
463,3
463,5
463,6
465,0
465,2
465,3
465,5
465,6
468,1
468,3
468,4
468,6
468,7
468,9
469,0
469,1
469,3
469,4
472,0
472,1
472,3
472,5
472,6
473,0
473,1
473,3
475,0
475,1
475,3
475,4
475,6
476,0
476,2
476,4
476,5
477,1
477,2
477,4
477,6
478,0
478,2
478,3
478,5
479,0
479,2
479,4
479,5
483,1
483,2
483,4
483,6
483,7
484,0
484,1
484,3
484,4
485,0
485,2
485,3
490,0
490,1
490,3
490,5
490,6
490,8
490,9
490,11
490,13
494,0
494,2
494,3
494,5
494,6
494,8
494,10
496,0
496,2
496,3
496,5
496,7
496,8
497,1
497,2
497,4
500,0
500,2
500,4
500,5
500,7
503,0
503,2
503,4
503,5
503,7
505,0
505,2
505,3
505,5
505,7
505,8
506,1
506,2
506,4
507,1
507,2
507,4
507,5
509,1
509,3
509,4
509,6
509,7
510,1
510,2
510,4
511,1
511,2
512,0
512,1
512,3
512,5
512,6
514,0
514,1
514,3
514,4
514,6
515,0
515,1
515,3
515,4
515,6
517,1
517,2
517,4
517,5
519,0
519,1
519,3
519,5
519,6
520,1
520,2
520,4
520,6
520,7
521,1
521,2
521,4
521,6
521,7
521,9
521,10
521,12
521,13
524,1
524,3
524,5
524,7
526,0
526,2
526,4
526,5
527,0
527,1
527,3
527,4
527,6
527,8
528,0
528,2
528,3
529,0
529,2
529,3
534,0
534,1
534,3
534,4
534,6
534,8
534,9
534,11
534,12
534,14
534,16
535,0
535,2
535,3
535,5
535,6
538,1
538,3
538,4
538,6
541,0
541,2
541,4
541,5
541,7
541,8
541,10
542,1
542,2
542,4
543,0
543,2
543,3
543,5
544,1
544,2
544,4
544,5
546,1
546,3
546,4
546,6
547,0
547,2
547,3
547,5
547,7
547,8
550,1
550,2
550,4
550,6
550,7
556,1
556,2
556,4
556,5
556,7
556,9
556,10
556,12
556,13
558,1
558,3
558,4
558,6
562,0
562,2
562,4
562,5
562,7
562,8
563,1
563,2
563,4
563,6
563,7
567,0
567,1
567,3
567,5
567,6
567,8
567,9
567,11
567,12
568,1
568,3
568,4
568,6
569,0
569,2
570,0
570,1
570,3
570,4
570,6
570,7
570,9
573,0
573,1
573,3
573,4
573,6
581,0
581,1
581,3
581,4
581,6
581,7
581,9
581,11
582,0
582,2
582,3
582,5
584,1
584,2
584,4
584,5
585,0
585,2
585,3
585,5
585,6
585,8
585,9
587,1
587,3
587,4
587,6
588,0
588,2
588,4
588,5
589,1
589,2
590,0
590,1
590,3
590,5
591,0
591,2
591,3
591,5
593,1
593,2
593,4
593,5
594,0
594,1
594,3
594,5
594,6
595,0
595,1
595,3
596,0
596,1
596,3
596,4
596,6
596,7
596,5
596,2
595,4
595,2
594,7
594,4
594,2
593,6
593,3
593,0
591,4
591,1
590,4
590,2
589,3
589,0
588,3
588,1
587,5
587,2
587,0
585,7
585,4
585,1
584,6
584,3
584,0
582,4
582,1
581,10
581,8
581,5
581,2
573,7
573,5
573,2
570,10
570,8
570,5
570,2
569,3
569,1
568,5
568,2
568,0
567,10
567,7
567,4
567,2
563,8
563,5
563,3
563,0
562,6
562,3
562,1
558,5
558,2
558,0
556,11
556,8
556,6
556,3
556,0
550,5
550,3
550,0
547,6
547,4
547,1
546,5
546,2
546,0
544,3
544,0
543,4
543,1
542,3
542,0
541,9
541,6
541,3
541,1
538,5
538,2
538,0
535,4
535,1
534,15
534,13
534,10
534,7
534,5
534,2
529,4
529,1
528,4
528,1
527,7
527,5
527,2
526,6
526,3
526,1
524,6
524,2
524,0
521,11
521,8
521,5
521,3
521,0
520,5
520,3
520,0
519,4
519,2
517,6
517,3
517,0
515,5
515,2
514,7
514,5
514,2
512,7
512,4
512,2
511,3
511,0
510,3
510,0
509,5
509,2
509,0
507,3
507,0
506,3
506,0
505,6
505,4
505,1
503,6
503,3
503,1
500,6
500,3
500,1
497,3
497,0
496,6
496,4
496,1
494,9
494,7
494,4
494,1
490,12
490,10
490,7
490,4
490,2
485,4
485,1
484,5
484,2
483,8
483,5
483,3
483,0
479,3
479,1
478,4
478,1
477,5
477,3
477,0
476,3
476,1
475,5
475,2
473,4
473,2
472,7
472,4
472,2
469,5
469,2
468,10
468,8
468,5
468,2
468,0
465,4
465,1
463,7
463,4
463,1
460,5
460,3
460,0
459,4
459,2
458,6
458,3
458,0
457,10
457,7
457,4
457,2
452,5
452,2
449,5
449,3
449,0
446,3
446,1
443,4
443,1
440,5
440,2
437,5
437,2
437,0
434,3
434,0
431,4
431,1
428,3
428,0
427,4
427,1
424,4
424,2
421,5
421,2
418,5
418,3
418,0
415,3
415,1
412,6
412,3
412,0
410,16
410,13
410,10
410,8
410,5
410,2
410,0
408,3
405,3
399,3
393,3
385,3
379,14
379,12
379,9
373,4
367,4
363,4
359,6
359,3
356,10
356,7
356,4
352,4
351,8
351,5
349,4
347,4
344,4
336,4
333,4
330,15
330,12
330,9
330,7
330,4
325,4
321,4
314,4
306,4
302,4
299,5
296,4
289,5
288,4
282,5
272,4
271,5
270,6
265,4
264,5
262,4
258,4
247,4
0,228
0,225
0,221
0,230
0,224
0,212
0,192
0,195
0,197
0,59
1,45
3,44
2,44
1,44
3,43
2,43
1,43
3,42
2,42
1,42
3,41
2,41
1,41
3,40
2,40
1,40
3,39
2,39
1,39
3,38
2,38
1,38
3,37
2,37
1,37
3,36
2,36
1,36
3,35
2,35
1,35
3,34
2,34
1,34
3,33
2,33
1,33
3,32
2,32
1,32
3,31
2,31
1,31
3,30
2,30
1,30
3,29
2,29
1,29
3,28
2,28
1,28
3,27
2,27
1,27
3,26
2,26
1,26
3,25
2,25
1,25
3,24
2,24
1,24
3,23
2,23
1,23
3,22
2,22
1,22
3,21
2,21
1,21
3,20
2,20
1,20
3,19
2,19
1,19
3,18
2,18
1,18
3,17
2,17
1,17
3,16
2,16
1,16
3,15
2,15
1,15
3,14
2,14
1,14
3,13
2,13
1,13
3,12
2,12
1,12
3,11
2,11
1,11
3,10
2,10
1,10
3,9
2,9
1,9
3,8
2,8
1,8
3,7
2,7
1,7
3,6
2,6
1,6
3,5
2,5
1,5
3,4
2,4
1,4
3,3
2,3
1,3
0,6
0,5
0,47
0,200
0,46
0,49
0,48
0,45
0,208
0,12
0,50
0,10
0,58
0,8
0,63
0,11
0,7
0,4
0,3
